% Zig-Zag Traffic Pattern for 20x20 Mesh NoC
% taskID layerID [src] [dst] src_minVol src_totalVol dst_minVol dst_totalVol [waitID] [nextID] waitOP
0 1 [0] [1] -1 100 1 100 [-1] [1] 0
1 1 [1] [2] 1 100 1 100 [0] [2] 0
2 1 [2] [3] 1 100 1 100 [1] [3] 0
3 1 [3] [4] 1 100 1 100 [2] [4] 0
4 1 [4] [5] 1 100 1 100 [3] [5] 0
5 1 [5] [6] 1 100 1 100 [4] [6] 0
6 1 [6] [7] 1 100 1 100 [5] [7] 0
7 1 [7] [8] 1 100 1 100 [6] [8] 0
8 1 [8] [9] 1 100 1 100 [7] [9] 0
9 1 [9] [10] 1 100 1 100 [8] [10] 0
10 1 [10] [11] 1 100 1 100 [9] [11] 0
11 1 [11] [12] 1 100 1 100 [10] [12] 0
12 1 [12] [13] 1 100 1 100 [11] [13] 0
13 1 [13] [14] 1 100 1 100 [12] [14] 0
14 1 [14] [15] 1 100 1 100 [13] [15] 0
15 1 [15] [16] 1 100 1 100 [14] [16] 0
16 1 [16] [17] 1 100 1 100 [15] [17] 0
17 1 [17] [18] 1 100 1 100 [16] [18] 0
18 1 [18] [19] 1 100 1 100 [17] [19] 0
19 1 [19] [39] 1 100 1 100 [18] [20] 0
20 1 [39] [38] 1 100 1 100 [19] [21] 0
21 1 [38] [37] 1 100 1 100 [20] [22] 0
22 1 [37] [36] 1 100 1 100 [21] [23] 0
23 1 [36] [35] 1 100 1 100 [22] [24] 0
24 1 [35] [34] 1 100 1 100 [23] [25] 0
25 1 [34] [33] 1 100 1 100 [24] [26] 0
26 1 [33] [32] 1 100 1 100 [25] [27] 0
27 1 [32] [31] 1 100 1 100 [26] [28] 0
28 1 [31] [30] 1 100 1 100 [27] [29] 0
29 1 [30] [29] 1 100 1 100 [28] [30] 0
30 1 [29] [28] 1 100 1 100 [29] [31] 0
31 1 [28] [27] 1 100 1 100 [30] [32] 0
32 1 [27] [26] 1 100 1 100 [31] [33] 0
33 1 [26] [25] 1 100 1 100 [32] [34] 0
34 1 [25] [24] 1 100 1 100 [33] [35] 0
35 1 [24] [23] 1 100 1 100 [34] [36] 0
36 1 [23] [22] 1 100 1 100 [35] [37] 0
37 1 [22] [21] 1 100 1 100 [36] [38] 0
38 1 [21] [20] 1 100 1 100 [37] [39] 0
39 1 [20] [40] 1 100 1 100 [38] [40] 0
40 1 [40] [41] 1 100 1 100 [39] [41] 0
41 1 [41] [42] 1 100 1 100 [40] [42] 0
42 1 [42] [43] 1 100 1 100 [41] [43] 0
43 1 [43] [44] 1 100 1 100 [42] [44] 0
44 1 [44] [45] 1 100 1 100 [43] [45] 0
45 1 [45] [46] 1 100 1 100 [44] [46] 0
46 1 [46] [47] 1 100 1 100 [45] [47] 0
47 1 [47] [48] 1 100 1 100 [46] [48] 0
48 1 [48] [49] 1 100 1 100 [47] [49] 0
49 1 [49] [50] 1 100 1 100 [48] [50] 0
50 1 [50] [51] 1 100 1 100 [49] [51] 0
51 1 [51] [52] 1 100 1 100 [50] [52] 0
52 1 [52] [53] 1 100 1 100 [51] [53] 0
53 1 [53] [54] 1 100 1 100 [52] [54] 0
54 1 [54] [55] 1 100 1 100 [53] [55] 0
55 1 [55] [56] 1 100 1 100 [54] [56] 0
56 1 [56] [57] 1 100 1 100 [55] [57] 0
57 1 [57] [58] 1 100 1 100 [56] [58] 0
58 1 [58] [59] 1 100 1 100 [57] [59] 0
59 1 [59] [79] 1 100 1 100 [58] [60] 0
60 1 [79] [78] 1 100 1 100 [59] [61] 0
61 1 [78] [77] 1 100 1 100 [60] [62] 0
62 1 [77] [76] 1 100 1 100 [61] [63] 0
63 1 [76] [75] 1 100 1 100 [62] [64] 0
64 1 [75] [74] 1 100 1 100 [63] [65] 0
65 1 [74] [73] 1 100 1 100 [64] [66] 0
66 1 [73] [72] 1 100 1 100 [65] [67] 0
67 1 [72] [71] 1 100 1 100 [66] [68] 0
68 1 [71] [70] 1 100 1 100 [67] [69] 0
69 1 [70] [69] 1 100 1 100 [68] [70] 0
70 1 [69] [68] 1 100 1 100 [69] [71] 0
71 1 [68] [67] 1 100 1 100 [70] [72] 0
72 1 [67] [66] 1 100 1 100 [71] [73] 0
73 1 [66] [65] 1 100 1 100 [72] [74] 0
74 1 [65] [64] 1 100 1 100 [73] [75] 0
75 1 [64] [63] 1 100 1 100 [74] [76] 0
76 1 [63] [62] 1 100 1 100 [75] [77] 0
77 1 [62] [61] 1 100 1 100 [76] [78] 0
78 1 [61] [60] 1 100 1 100 [77] [79] 0
79 1 [60] [80] 1 100 1 100 [78] [80] 0
80 1 [80] [81] 1 100 1 100 [79] [81] 0
81 1 [81] [82] 1 100 1 100 [80] [82] 0
82 1 [82] [83] 1 100 1 100 [81] [83] 0
83 1 [83] [84] 1 100 1 100 [82] [84] 0
84 1 [84] [85] 1 100 1 100 [83] [85] 0
85 1 [85] [86] 1 100 1 100 [84] [86] 0
86 1 [86] [87] 1 100 1 100 [85] [87] 0
87 1 [87] [88] 1 100 1 100 [86] [88] 0
88 1 [88] [89] 1 100 1 100 [87] [89] 0
89 1 [89] [90] 1 100 1 100 [88] [90] 0
90 1 [90] [91] 1 100 1 100 [89] [91] 0
91 1 [91] [92] 1 100 1 100 [90] [92] 0
92 1 [92] [93] 1 100 1 100 [91] [93] 0
93 1 [93] [94] 1 100 1 100 [92] [94] 0
94 1 [94] [95] 1 100 1 100 [93] [95] 0
95 1 [95] [96] 1 100 1 100 [94] [96] 0
96 1 [96] [97] 1 100 1 100 [95] [97] 0
97 1 [97] [98] 1 100 1 100 [96] [98] 0
98 1 [98] [99] 1 100 1 100 [97] [99] 0
99 1 [99] [119] 1 100 1 100 [98] [100] 0
100 1 [119] [118] 1 100 1 100 [99] [101] 0
101 1 [118] [117] 1 100 1 100 [100] [102] 0
102 1 [117] [116] 1 100 1 100 [101] [103] 0
103 1 [116] [115] 1 100 1 100 [102] [104] 0
104 1 [115] [114] 1 100 1 100 [103] [105] 0
105 1 [114] [113] 1 100 1 100 [104] [106] 0
106 1 [113] [112] 1 100 1 100 [105] [107] 0
107 1 [112] [111] 1 100 1 100 [106] [108] 0
108 1 [111] [110] 1 100 1 100 [107] [109] 0
109 1 [110] [109] 1 100 1 100 [108] [110] 0
110 1 [109] [108] 1 100 1 100 [109] [111] 0
111 1 [108] [107] 1 100 1 100 [110] [112] 0
112 1 [107] [106] 1 100 1 100 [111] [113] 0
113 1 [106] [105] 1 100 1 100 [112] [114] 0
114 1 [105] [104] 1 100 1 100 [113] [115] 0
115 1 [104] [103] 1 100 1 100 [114] [116] 0
116 1 [103] [102] 1 100 1 100 [115] [117] 0
117 1 [102] [101] 1 100 1 100 [116] [118] 0
118 1 [101] [100] 1 100 1 100 [117] [119] 0
119 1 [100] [120] 1 100 1 100 [118] [120] 0
120 1 [120] [121] 1 100 1 100 [119] [121] 0
121 1 [121] [122] 1 100 1 100 [120] [122] 0
122 1 [122] [123] 1 100 1 100 [121] [123] 0
123 1 [123] [124] 1 100 1 100 [122] [124] 0
124 1 [124] [125] 1 100 1 100 [123] [125] 0
125 1 [125] [126] 1 100 1 100 [124] [126] 0
126 1 [126] [127] 1 100 1 100 [125] [127] 0
127 1 [127] [128] 1 100 1 100 [126] [128] 0
128 1 [128] [129] 1 100 1 100 [127] [129] 0
129 1 [129] [130] 1 100 1 100 [128] [130] 0
130 1 [130] [131] 1 100 1 100 [129] [131] 0
131 1 [131] [132] 1 100 1 100 [130] [132] 0
132 1 [132] [133] 1 100 1 100 [131] [133] 0
133 1 [133] [134] 1 100 1 100 [132] [134] 0
134 1 [134] [135] 1 100 1 100 [133] [135] 0
135 1 [135] [136] 1 100 1 100 [134] [136] 0
136 1 [136] [137] 1 100 1 100 [135] [137] 0
137 1 [137] [138] 1 100 1 100 [136] [138] 0
138 1 [138] [139] 1 100 1 100 [137] [139] 0
139 1 [139] [159] 1 100 1 100 [138] [140] 0
140 1 [159] [158] 1 100 1 100 [139] [141] 0
141 1 [158] [157] 1 100 1 100 [140] [142] 0
142 1 [157] [156] 1 100 1 100 [141] [143] 0
143 1 [156] [155] 1 100 1 100 [142] [144] 0
144 1 [155] [154] 1 100 1 100 [143] [145] 0
145 1 [154] [153] 1 100 1 100 [144] [146] 0
146 1 [153] [152] 1 100 1 100 [145] [147] 0
147 1 [152] [151] 1 100 1 100 [146] [148] 0
148 1 [151] [150] 1 100 1 100 [147] [149] 0
149 1 [150] [149] 1 100 1 100 [148] [150] 0
150 1 [149] [148] 1 100 1 100 [149] [151] 0
151 1 [148] [147] 1 100 1 100 [150] [152] 0
152 1 [147] [146] 1 100 1 100 [151] [153] 0
153 1 [146] [145] 1 100 1 100 [152] [154] 0
154 1 [145] [144] 1 100 1 100 [153] [155] 0
155 1 [144] [143] 1 100 1 100 [154] [156] 0
156 1 [143] [142] 1 100 1 100 [155] [157] 0
157 1 [142] [141] 1 100 1 100 [156] [158] 0
158 1 [141] [140] 1 100 1 100 [157] [159] 0
159 1 [140] [160] 1 100 1 100 [158] [160] 0
160 1 [160] [161] 1 100 1 100 [159] [161] 0
161 1 [161] [162] 1 100 1 100 [160] [162] 0
162 1 [162] [163] 1 100 1 100 [161] [163] 0
163 1 [163] [164] 1 100 1 100 [162] [164] 0
164 1 [164] [165] 1 100 1 100 [163] [165] 0
165 1 [165] [166] 1 100 1 100 [164] [166] 0
166 1 [166] [167] 1 100 1 100 [165] [167] 0
167 1 [167] [168] 1 100 1 100 [166] [168] 0
168 1 [168] [169] 1 100 1 100 [167] [169] 0
169 1 [169] [170] 1 100 1 100 [168] [170] 0
170 1 [170] [171] 1 100 1 100 [169] [171] 0
171 1 [171] [172] 1 100 1 100 [170] [172] 0
172 1 [172] [173] 1 100 1 100 [171] [173] 0
173 1 [173] [174] 1 100 1 100 [172] [174] 0
174 1 [174] [175] 1 100 1 100 [173] [175] 0
175 1 [175] [176] 1 100 1 100 [174] [176] 0
176 1 [176] [177] 1 100 1 100 [175] [177] 0
177 1 [177] [178] 1 100 1 100 [176] [178] 0
178 1 [178] [179] 1 100 1 100 [177] [179] 0
179 1 [179] [199] 1 100 1 100 [178] [180] 0
180 1 [199] [198] 1 100 1 100 [179] [181] 0
181 1 [198] [197] 1 100 1 100 [180] [182] 0
182 1 [197] [196] 1 100 1 100 [181] [183] 0
183 1 [196] [195] 1 100 1 100 [182] [184] 0
184 1 [195] [194] 1 100 1 100 [183] [185] 0
185 1 [194] [193] 1 100 1 100 [184] [186] 0
186 1 [193] [192] 1 100 1 100 [185] [187] 0
187 1 [192] [191] 1 100 1 100 [186] [188] 0
188 1 [191] [190] 1 100 1 100 [187] [189] 0
189 1 [190] [189] 1 100 1 100 [188] [190] 0
190 1 [189] [188] 1 100 1 100 [189] [191] 0
191 1 [188] [187] 1 100 1 100 [190] [192] 0
192 1 [187] [186] 1 100 1 100 [191] [193] 0
193 1 [186] [185] 1 100 1 100 [192] [194] 0
194 1 [185] [184] 1 100 1 100 [193] [195] 0
195 1 [184] [183] 1 100 1 100 [194] [196] 0
196 1 [183] [182] 1 100 1 100 [195] [197] 0
197 1 [182] [181] 1 100 1 100 [196] [198] 0
198 1 [181] [180] 1 100 1 100 [197] [199] 0
199 1 [180] [200] 1 100 1 100 [198] [200] 0
200 1 [200] [201] 1 100 1 100 [199] [201] 0
201 1 [201] [202] 1 100 1 100 [200] [202] 0
202 1 [202] [203] 1 100 1 100 [201] [203] 0
203 1 [203] [204] 1 100 1 100 [202] [204] 0
204 1 [204] [205] 1 100 1 100 [203] [205] 0
205 1 [205] [206] 1 100 1 100 [204] [206] 0
206 1 [206] [207] 1 100 1 100 [205] [207] 0
207 1 [207] [208] 1 100 1 100 [206] [208] 0
208 1 [208] [209] 1 100 1 100 [207] [209] 0
209 1 [209] [210] 1 100 1 100 [208] [210] 0
210 1 [210] [211] 1 100 1 100 [209] [211] 0
211 1 [211] [212] 1 100 1 100 [210] [212] 0
212 1 [212] [213] 1 100 1 100 [211] [213] 0
213 1 [213] [214] 1 100 1 100 [212] [214] 0
214 1 [214] [215] 1 100 1 100 [213] [215] 0
215 1 [215] [216] 1 100 1 100 [214] [216] 0
216 1 [216] [217] 1 100 1 100 [215] [217] 0
217 1 [217] [218] 1 100 1 100 [216] [218] 0
218 1 [218] [219] 1 100 1 100 [217] [219] 0
219 1 [219] [239] 1 100 1 100 [218] [220] 0
220 1 [239] [238] 1 100 1 100 [219] [221] 0
221 1 [238] [237] 1 100 1 100 [220] [222] 0
222 1 [237] [236] 1 100 1 100 [221] [223] 0
223 1 [236] [235] 1 100 1 100 [222] [224] 0
224 1 [235] [234] 1 100 1 100 [223] [225] 0
225 1 [234] [233] 1 100 1 100 [224] [226] 0
226 1 [233] [232] 1 100 1 100 [225] [227] 0
227 1 [232] [231] 1 100 1 100 [226] [228] 0
228 1 [231] [230] 1 100 1 100 [227] [229] 0
229 1 [230] [229] 1 100 1 100 [228] [230] 0
230 1 [229] [228] 1 100 1 100 [229] [231] 0
231 1 [228] [227] 1 100 1 100 [230] [232] 0
232 1 [227] [226] 1 100 1 100 [231] [233] 0
233 1 [226] [225] 1 100 1 100 [232] [234] 0
234 1 [225] [224] 1 100 1 100 [233] [235] 0
235 1 [224] [223] 1 100 1 100 [234] [236] 0
236 1 [223] [222] 1 100 1 100 [235] [237] 0
237 1 [222] [221] 1 100 1 100 [236] [238] 0
238 1 [221] [220] 1 100 1 100 [237] [239] 0
239 1 [220] [240] 1 100 1 100 [238] [240] 0
240 1 [240] [241] 1 100 1 100 [239] [241] 0
241 1 [241] [242] 1 100 1 100 [240] [242] 0
242 1 [242] [243] 1 100 1 100 [241] [243] 0
243 1 [243] [244] 1 100 1 100 [242] [244] 0
244 1 [244] [245] 1 100 1 100 [243] [245] 0
245 1 [245] [246] 1 100 1 100 [244] [246] 0
246 1 [246] [247] 1 100 1 100 [245] [247] 0
247 1 [247] [248] 1 100 1 100 [246] [248] 0
248 1 [248] [249] 1 100 1 100 [247] [249] 0
249 1 [249] [250] 1 100 1 100 [248] [250] 0
250 1 [250] [251] 1 100 1 100 [249] [251] 0
251 1 [251] [252] 1 100 1 100 [250] [252] 0
252 1 [252] [253] 1 100 1 100 [251] [253] 0
253 1 [253] [254] 1 100 1 100 [252] [254] 0
254 1 [254] [255] 1 100 1 100 [253] [255] 0
255 1 [255] [256] 1 100 1 100 [254] [256] 0
256 1 [256] [257] 1 100 1 100 [255] [257] 0
257 1 [257] [258] 1 100 1 100 [256] [258] 0
258 1 [258] [259] 1 100 1 100 [257] [259] 0
259 1 [259] [279] 1 100 1 100 [258] [260] 0
260 1 [279] [278] 1 100 1 100 [259] [261] 0
261 1 [278] [277] 1 100 1 100 [260] [262] 0
262 1 [277] [276] 1 100 1 100 [261] [263] 0
263 1 [276] [275] 1 100 1 100 [262] [264] 0
264 1 [275] [274] 1 100 1 100 [263] [265] 0
265 1 [274] [273] 1 100 1 100 [264] [266] 0
266 1 [273] [272] 1 100 1 100 [265] [267] 0
267 1 [272] [271] 1 100 1 100 [266] [268] 0
268 1 [271] [270] 1 100 1 100 [267] [269] 0
269 1 [270] [269] 1 100 1 100 [268] [270] 0
270 1 [269] [268] 1 100 1 100 [269] [271] 0
271 1 [268] [267] 1 100 1 100 [270] [272] 0
272 1 [267] [266] 1 100 1 100 [271] [273] 0
273 1 [266] [265] 1 100 1 100 [272] [274] 0
274 1 [265] [264] 1 100 1 100 [273] [275] 0
275 1 [264] [263] 1 100 1 100 [274] [276] 0
276 1 [263] [262] 1 100 1 100 [275] [277] 0
277 1 [262] [261] 1 100 1 100 [276] [278] 0
278 1 [261] [260] 1 100 1 100 [277] [279] 0
279 1 [260] [280] 1 100 1 100 [278] [280] 0
280 1 [280] [281] 1 100 1 100 [279] [281] 0
281 1 [281] [282] 1 100 1 100 [280] [282] 0
282 1 [282] [283] 1 100 1 100 [281] [283] 0
283 1 [283] [284] 1 100 1 100 [282] [284] 0
284 1 [284] [285] 1 100 1 100 [283] [285] 0
285 1 [285] [286] 1 100 1 100 [284] [286] 0
286 1 [286] [287] 1 100 1 100 [285] [287] 0
287 1 [287] [288] 1 100 1 100 [286] [288] 0
288 1 [288] [289] 1 100 1 100 [287] [289] 0
289 1 [289] [290] 1 100 1 100 [288] [290] 0
290 1 [290] [291] 1 100 1 100 [289] [291] 0
291 1 [291] [292] 1 100 1 100 [290] [292] 0
292 1 [292] [293] 1 100 1 100 [291] [293] 0
293 1 [293] [294] 1 100 1 100 [292] [294] 0
294 1 [294] [295] 1 100 1 100 [293] [295] 0
295 1 [295] [296] 1 100 1 100 [294] [296] 0
296 1 [296] [297] 1 100 1 100 [295] [297] 0
297 1 [297] [298] 1 100 1 100 [296] [298] 0
298 1 [298] [299] 1 100 1 100 [297] [299] 0
299 1 [299] [319] 1 100 1 100 [298] [300] 0
300 1 [319] [318] 1 100 1 100 [299] [301] 0
301 1 [318] [317] 1 100 1 100 [300] [302] 0
302 1 [317] [316] 1 100 1 100 [301] [303] 0
303 1 [316] [315] 1 100 1 100 [302] [304] 0
304 1 [315] [314] 1 100 1 100 [303] [305] 0
305 1 [314] [313] 1 100 1 100 [304] [306] 0
306 1 [313] [312] 1 100 1 100 [305] [307] 0
307 1 [312] [311] 1 100 1 100 [306] [308] 0
308 1 [311] [310] 1 100 1 100 [307] [309] 0
309 1 [310] [309] 1 100 1 100 [308] [310] 0
310 1 [309] [308] 1 100 1 100 [309] [311] 0
311 1 [308] [307] 1 100 1 100 [310] [312] 0
312 1 [307] [306] 1 100 1 100 [311] [313] 0
313 1 [306] [305] 1 100 1 100 [312] [314] 0
314 1 [305] [304] 1 100 1 100 [313] [315] 0
315 1 [304] [303] 1 100 1 100 [314] [316] 0
316 1 [303] [302] 1 100 1 100 [315] [317] 0
317 1 [302] [301] 1 100 1 100 [316] [318] 0
318 1 [301] [300] 1 100 1 100 [317] [319] 0
319 1 [300] [320] 1 100 1 100 [318] [320] 0
320 1 [320] [321] 1 100 1 100 [319] [321] 0
321 1 [321] [322] 1 100 1 100 [320] [322] 0
322 1 [322] [323] 1 100 1 100 [321] [323] 0
323 1 [323] [324] 1 100 1 100 [322] [324] 0
324 1 [324] [325] 1 100 1 100 [323] [325] 0
325 1 [325] [326] 1 100 1 100 [324] [326] 0
326 1 [326] [327] 1 100 1 100 [325] [327] 0
327 1 [327] [328] 1 100 1 100 [326] [328] 0
328 1 [328] [329] 1 100 1 100 [327] [329] 0
329 1 [329] [330] 1 100 1 100 [328] [330] 0
330 1 [330] [331] 1 100 1 100 [329] [331] 0
331 1 [331] [332] 1 100 1 100 [330] [332] 0
332 1 [332] [333] 1 100 1 100 [331] [333] 0
333 1 [333] [334] 1 100 1 100 [332] [334] 0
334 1 [334] [335] 1 100 1 100 [333] [335] 0
335 1 [335] [336] 1 100 1 100 [334] [336] 0
336 1 [336] [337] 1 100 1 100 [335] [337] 0
337 1 [337] [338] 1 100 1 100 [336] [338] 0
338 1 [338] [339] 1 100 1 100 [337] [339] 0
339 1 [339] [359] 1 100 1 100 [338] [340] 0
340 1 [359] [358] 1 100 1 100 [339] [341] 0
341 1 [358] [357] 1 100 1 100 [340] [342] 0
342 1 [357] [356] 1 100 1 100 [341] [343] 0
343 1 [356] [355] 1 100 1 100 [342] [344] 0
344 1 [355] [354] 1 100 1 100 [343] [345] 0
345 1 [354] [353] 1 100 1 100 [344] [346] 0
346 1 [353] [352] 1 100 1 100 [345] [347] 0
347 1 [352] [351] 1 100 1 100 [346] [348] 0
348 1 [351] [350] 1 100 1 100 [347] [349] 0
349 1 [350] [349] 1 100 1 100 [348] [350] 0
350 1 [349] [348] 1 100 1 100 [349] [351] 0
351 1 [348] [347] 1 100 1 100 [350] [352] 0
352 1 [347] [346] 1 100 1 100 [351] [353] 0
353 1 [346] [345] 1 100 1 100 [352] [354] 0
354 1 [345] [344] 1 100 1 100 [353] [355] 0
355 1 [344] [343] 1 100 1 100 [354] [356] 0
356 1 [343] [342] 1 100 1 100 [355] [357] 0
357 1 [342] [341] 1 100 1 100 [356] [358] 0
358 1 [341] [340] 1 100 1 100 [357] [359] 0
359 1 [340] [360] 1 100 1 100 [358] [360] 0
360 1 [360] [361] 1 100 1 100 [359] [361] 0
361 1 [361] [362] 1 100 1 100 [360] [362] 0
362 1 [362] [363] 1 100 1 100 [361] [363] 0
363 1 [363] [364] 1 100 1 100 [362] [364] 0
364 1 [364] [365] 1 100 1 100 [363] [365] 0
365 1 [365] [366] 1 100 1 100 [364] [366] 0
366 1 [366] [367] 1 100 1 100 [365] [367] 0
367 1 [367] [368] 1 100 1 100 [366] [368] 0
368 1 [368] [369] 1 100 1 100 [367] [369] 0
369 1 [369] [370] 1 100 1 100 [368] [370] 0
370 1 [370] [371] 1 100 1 100 [369] [371] 0
371 1 [371] [372] 1 100 1 100 [370] [372] 0
372 1 [372] [373] 1 100 1 100 [371] [373] 0
373 1 [373] [374] 1 100 1 100 [372] [374] 0
374 1 [374] [375] 1 100 1 100 [373] [375] 0
375 1 [375] [376] 1 100 1 100 [374] [376] 0
376 1 [376] [377] 1 100 1 100 [375] [377] 0
377 1 [377] [378] 1 100 1 100 [376] [378] 0
378 1 [378] [379] 1 100 1 100 [377] [379] 0
379 1 [379] [399] 1 100 1 100 [378] [380] 0
380 1 [399] [398] 1 100 1 100 [379] [381] 0
381 1 [398] [397] 1 100 1 100 [380] [382] 0
382 1 [397] [396] 1 100 1 100 [381] [383] 0
383 1 [396] [395] 1 100 1 100 [382] [384] 0
384 1 [395] [394] 1 100 1 100 [383] [385] 0
385 1 [394] [393] 1 100 1 100 [384] [386] 0
386 1 [393] [392] 1 100 1 100 [385] [387] 0
387 1 [392] [391] 1 100 1 100 [386] [388] 0
388 1 [391] [390] 1 100 1 100 [387] [389] 0
389 1 [390] [389] 1 100 1 100 [388] [390] 0
390 1 [389] [388] 1 100 1 100 [389] [391] 0
391 1 [388] [387] 1 100 1 100 [390] [392] 0
392 1 [387] [386] 1 100 1 100 [391] [393] 0
393 1 [386] [385] 1 100 1 100 [392] [394] 0
394 1 [385] [384] 1 100 1 100 [393] [395] 0
395 1 [384] [383] 1 100 1 100 [394] [396] 0
396 1 [383] [382] 1 100 1 100 [395] [397] 0
397 1 [382] [381] 1 100 1 100 [396] [398] 0
398 1 [381] [380] 1 100 -1 100 [397] [-1] 0
